Январь 0 1 2 3 4 5 6 7 8 9 0 10 11 12 13 14 15 16 17 18 19 0 1 2 3 4 5 6 7 8 9 0
Февраль 9 8 7 6 5 4 3 2 1 0 0 1 2 3 4 5 6 7 8 9 0 1 1 2 2 3 4 5
Март 1 2 3 4 5 6 7 8 9 0 2 3 4 5 6 7 8 9 0 3 4 5 6 7 8 9 0 32 45 60 1
Апрель 0 1 2 3 4 5 6 7 8 9 9 8 7 6 5 4 3 2 1 0 0 9 8 7 6 5 4 3 2 1
Май 1 2 3 4 5 6 7 8 9 0 2 3 4 5 6 7 8 9 0 3 4 5 6 7 8 9 0 32 45 60 1
Июнь 0 1 2 3 4 5 6 7 8 9 9 8 7 6 5 4 3 2 1 0 0 9 8 7 6 5 4 3 2 1
Июль 1 2 3 4 5 6 7 8 9 0 2 3 4 5 6 7 8 9 0 3 4 5 6 7 8 9 0 32 45 60 1
Август 1 2 3 4 5 6 7 8 9 0 2 3 4 5 6 7 8 9 0 3 4 5 6 7 8 9 0 32 45 60 1
Сентябрь 0 1 2 3 4 5 6 7 8 9 9 8 7 6 5 4 3 2 1 0 0 9 8 7 6 5 4 3 2 1
Октябрь 1 2 3 4 5 6 7 8 9 0 2 3 4 5 6 7 8 9 0 3 4 5 6 7 8 9 0 32 45 60 1
Ноябрь 0 1 2 3 4 5 6 7 8 9 9 8 7 6 5 4 3 2 1 0 0 9 8 7 6 5 4 3 2 1
Декабрь 0 1 2 3 4 5 6 7 8 9 0 10 11 12 13 14 15 16 17 18 19 0 1 2 3 4 5 6 7 8 9 0